0  array([[ 1.,  0.],
       [ 1.,  0.],
       [ 1.,  0.],
       [ 1.,  0.],
       [ 1.,  0.],
       [ 1.,  0.],
       [ 1.,  0.],
       [ 1.,  0.],
       [ 1.,  0.],
       [ 1.,  0.],
       [ 1.,  0.],
       [ 1.,  0.],
       [ 1.,  0.],
       [ 1.,  0.],
       [ 1.,  0.],
       [ 1.,  0.],
       [ 1.,  0.],
       [ 1.,  0.],
       [ 1.,  0.],
       [ 1.,  0.],
       [ 1.,  0.],
       [ 1.,  0.],
       [ 1.,  0.],
       [ 1.,  0.],
       [ 1.,  0.],
       [ 1.,  0.],
       [ 1.,  0.],
       [ 1.,  0.],
       [ 1.,  0.],
       [ 1.,  0.],
       [ 1.,  0.],
       [ 1.,  0.],
       [ 1.,  0.],
       [ 1.,  0.],
       [ 1.,  0.],
       [ 1.,  0.],
       [ 1.,  0.],
       [ 1.,  0.],
       [ 1.,  0.],
       [ 1.,  0.],
       [ 1.,  0.],
       [ 1.,  0.],
       [ 1.,  0.],
       [ 1.,  0.],
       [ 1.,  0.],
       [ 1.,  0.],
       [ 1.,  0.],
       [ 1.,  0.],
       [ 1.,  0.],
       [ 1.,  0.],
       [ 1.,  0.],
       [ 1.,  0.],
       [ 1.,  0.],
       [ 1.,  0.],
       [ 1.,  0.],
       [ 1.,  0.],
       [ 1.,  0.],
       [ 1.,  0.],
       [ 1.,  0.],
       [ 1.,  0.],
       [ 1.,  1.],
       [ 1.,  0.],
       [ 1.,  0.],
       [ 1.,  0.],
       [ 1.,  0.],
       [ 1.,  0.],
       [ 1.,  0.],
       [ 1.,  0.],
       [ 1.,  0.],
       [ 1.,  0.],
       [ 1.,  0.],
       [ 1.,  0.],
       [ 1.,  0.],
       [ 1.,  0.],
       [ 1.,  0.],
       [ 1.,  0.],
       [ 1.,  0.],
       [ 1.,  0.],
       [ 1.,  0.],
       [ 1.,  0.],
       [ 1.,  0.],
       [ 1.,  0.],
       [ 1.,  0.],
       [ 1.,  0.],
       [ 1.,  0.],
       [ 1.,  0.],
       [ 1.,  0.],
       [ 1.,  0.],
       [ 1.,  0.],
       [ 1.,  0.],
       [ 1.,  0.],
       [ 1.,  0.],
       [ 1.,  0.],
       [ 1.,  0.],
       [ 1.,  0.],
       [ 1.,  0.],
       [ 1.,  0.],
       [ 1.,  0.],
       [ 1.,  0.],
       [ 1.,  0.],
       [ 1.,  0.],
       [ 1.,  0.],
       [ 1.,  0.],
       [ 1.,  0.],
       [ 1.,  0.],
       [ 1.,  0.],
       [ 1.,  0.],
       [ 1.,  0.],
       [ 1.,  0.],
       [ 1.,  0.],
       [ 1.,  0.],
       [ 1.,  0.],
       [ 1.,  0.],
       [ 1.,  0.],
       [ 1.,  0.],
       [ 1.,  0.],
       [ 1.,  0.],
       [ 1.,  0.],
       [ 1.,  0.],
       [ 1.,  0.],
       [ 1.,  0.],
       [ 1.,  0.],
       [ 1.,  0.],
       [ 1.,  0.],
       [ 1.,  0.],
       [ 1.,  0.],
       [ 1.,  0.],
       [ 1.,  0.],
       [ 1.,  0.],
       [ 1.,  0.],
       [ 1.,  0.],
       [ 1.,  0.],
       [ 1.,  0.],
       [ 1.,  0.],
       [ 1.,  0.],
       [ 1.,  0.],
       [ 1.,  0.],
       [ 1.,  0.],
       [ 1.,  0.],
       [ 1.,  0.],
       [ 1.,  0.],
       [ 1.,  0.],
       [ 1.,  0.],
       [ 1.,  0.],
       [ 1.,  0.],
       [ 1.,  0.],
       [ 1.,  0.],
       [ 1.,  0.],
       [ 1.,  0.],
       [ 1.,  0.],
       [ 1.,  0.],
       [ 1.,  0.],
       [ 1.,  0.],
       [ 1.,  0.],
       [ 1.,  0.],
       [ 1.,  0.],
       [ 1.,  0.],
       [ 1.,  0.],
       [ 1.,  0.],
       [ 1.,  0.],
       [ 1.,  0.],
       [ 1.,  0.],
       [ 1.,  0.],
       [ 1.,  0.],
       [ 1.,  0.],
       [ 1.,  0.],
       [ 1.,  0.],
       [ 1.,  0.],
       [ 1.,  0.],
       [ 1.,  0.],
       [ 1.,  0.],
       [ 1.,  0.],
       [ 1.,  0.],
       [ 1.,  0.],
       [ 1.,  0.],
       [ 1.,  0.],
       [ 1.,  0.],
       [ 1.,  0.],
       [ 1.,  0.],
       [ 1.,  0.],
       [ 1.,  0.],
       [ 1.,  0.],
       [ 1.,  0.],
       [ 1.,  0.],
       [ 1.,  0.],
       [ 1.,  0.],
       [ 1.,  0.],
       [ 1.,  0.],
       [ 1.,  0.],
       [ 1.,  0.],
       [ 1.,  0.],
       [ 1.,  0.],
       [ 1.,  0.],
       [ 1.,  0.],
       [ 1.,  0.],
       [ 1.,  0.],
       [ 1.,  0.],
       [ 1.,  0.],
       [ 1.,  0.],
       [ 1.,  0.]])
10  array([[ 1.,  0.,  0., ...,  0.,  0.,  0.],
       [ 1.,  0.,  0., ...,  0.,  0.,  0.],
       [ 1.,  0.,  0., ...,  0.,  0.,  0.],
       ..., 
       [ 1.,  0.,  0., ...,  0.,  0.,  0.],
       [ 1.,  0.,  0., ...,  0.,  0.,  0.],
       [ 1.,  0.,  0., ...,  0.,  0.,  0.]])
20  array([[ 1.,  0.,  0., ...,  0.,  0.,  0.],
       [ 1.,  0.,  0., ...,  0.,  0.,  0.],
       [ 1.,  0.,  0., ...,  0.,  0.,  0.],
       ..., 
       [ 1.,  0.,  0., ...,  0.,  0.,  0.],
       [ 1.,  0.,  0., ...,  0.,  0.,  0.],
       [ 1.,  0.,  0., ...,  0.,  0.,  0.]])
30  array([[ 1.,  0.,  0., ...,  0.,  0.,  0.],
       [ 1.,  0.,  0., ...,  0.,  0.,  0.],
       [ 1.,  0.,  0., ...,  0.,  0.,  0.],
       ..., 
       [ 1.,  0.,  0., ...,  0.,  0.,  0.],
       [ 1.,  0.,  0., ...,  0.,  0.,  0.],
       [ 1.,  0.,  0., ...,  0.,  0.,  0.]])
40  array([[ 1.,  0.,  0., ...,  0.,  0.,  0.],
       [ 1.,  0.,  0., ...,  0.,  0.,  0.],
       [ 1.,  0.,  0., ...,  0.,  0.,  0.],
       ..., 
       [ 1.,  0.,  0., ...,  0.,  0.,  0.],
       [ 1.,  0.,  0., ...,  0.,  0.,  0.],
       [ 1.,  0.,  0., ...,  0.,  0.,  0.]])
50  array([[ 1.,  0.,  0., ...,  0.,  0.,  0.],
       [ 1.,  0.,  0., ...,  0.,  0.,  0.],
       [ 1.,  0.,  0., ...,  0.,  0.,  0.],
       ..., 
       [ 1.,  0.,  0., ...,  0.,  0.,  0.],
       [ 1.,  0.,  0., ...,  0.,  0.,  0.],
       [ 1.,  0.,  0., ...,  0.,  0.,  0.]])
60  array([[ 1.,  0.,  0., ...,  0.,  0.,  0.],
       [ 1.,  0.,  0., ...,  1.,  0.,  0.],
       [ 1.,  0.,  0., ...,  0.,  0.,  0.],
       ..., 
       [ 1.,  0.,  0., ...,  0.,  0.,  0.],
       [ 1.,  0.,  0., ...,  0.,  0.,  0.],
       [ 1.,  0.,  0., ...,  0.,  0.,  0.]])
70  array([[ 1.,  0.,  0., ...,  0.,  0.,  0.],
       [ 1.,  0.,  0., ...,  0.,  0.,  0.],
       [ 1.,  0.,  0., ...,  0.,  0.,  0.],
       ..., 
       [ 1.,  0.,  0., ...,  0.,  0.,  0.],
       [ 1.,  0.,  0., ...,  0.,  0.,  0.],
       [ 1.,  0.,  0., ...,  0.,  0.,  0.]])
80  array([[ 1.,  0.,  0., ...,  0.,  0.,  0.],
       [ 1.,  0.,  0., ...,  0.,  0.,  0.],
       [ 1.,  0.,  0., ...,  0.,  0.,  0.],
       ..., 
       [ 1.,  0.,  0., ...,  0.,  0.,  0.],
       [ 1.,  0.,  0., ...,  0.,  0.,  0.],
       [ 1.,  0.,  0., ...,  0.,  0.,  0.]])
90  array([[ 1.,  0.,  0., ...,  0.,  0.,  0.],
       [ 1.,  0.,  0., ...,  0.,  0.,  0.],
       [ 1.,  0.,  0., ...,  0.,  0.,  0.],
       ..., 
       [ 1.,  0.,  0., ...,  0.,  0.,  0.],
       [ 1.,  0.,  0., ...,  0.,  0.,  0.],
       [ 1.,  0.,  0., ...,  0.,  0.,  0.]])
