0 array([[  0.00000000e+00,   0.00000000e+00],
       [ -1.50568977e-01,  -9.64507029e-02],
       [  8.70288778e-02,   2.54271115e-02],
       [ -2.41633987e-02,   9.27819335e-02],
       [ -1.38784315e-01,   2.56696072e-02],
       [  6.49498871e-02,  -9.69252503e-02],
       [ -2.88074742e-02,   9.01887251e-02],
       [  7.08571777e-02,  -1.60010091e-01],
       [ -4.41761700e-02,   2.07441779e-02],
       [  1.04152041e-01,  -1.16986368e-01],
       [ -2.50745725e-02,  -3.66779567e-02],
       [  6.98267559e-02,   1.06894206e-01],
       [ -1.35784426e-02,  -1.40011932e-01],
       [  2.25817982e-02,  -1.37816206e-02],
       [  9.43701778e-03,   6.50925356e-02],
       [ -7.56700459e-02,   1.15677752e-01],
       [  4.31783713e-02,   1.62464807e-01],
       [ -5.73619947e-02,  -1.34484753e-01],
       [  3.94313083e-03,  -1.83819576e-01],
       [  1.11009101e-01,   7.35680203e-02],
       [  2.62151902e-02,   3.98193083e-02],
       [  1.40721789e-01,   9.91320218e-02],
       [ -4.99750774e-02,  -2.84607952e-01],
       [ -6.87467944e-02,  -6.06713626e-02],
       [  6.84289589e-02,  -9.49168983e-02],
       [ -1.16487009e-01,   7.52378351e-02],
       [  3.40947727e-02,   3.07586618e-02],
       [  1.59084192e-02,  -7.69093581e-02],
       [ -1.48877071e-02,  -6.88847919e-02],
       [ -1.47366273e-01,  -2.28278492e-01],
       [  1.16214533e-01,  -2.28787184e-02],
       [ -6.76282523e-03,   1.06625398e-01],
       [  8.44364079e-02,  -9.14825520e-03],
       [  9.26867138e-02,  -2.60965728e-03],
       [ -4.01664532e-02,  -1.68778808e-02],
       [  4.98606195e-02,  -1.99225228e-02],
       [ -1.22793322e-01,   7.29180623e-02],
       [ -1.53169180e-02,   8.42103527e-02],
       [ -1.99366791e-01,  -6.55578843e-02],
       [ -5.78343369e-02,   7.10638933e-02],
       [  2.97771249e-02,   1.53525378e-02],
       [  1.82457571e-01,   5.82148238e-02],
       [ -7.16222508e-02,  -1.03824568e-01],
       [ -2.51503726e-02,  -1.66951546e-02],
       [ -4.01056420e-04,   2.14063209e-02],
       [ -3.31625082e-03,  -2.01365052e-01],
       [ -1.09328984e-01,   1.28826359e-01],
       [  4.50399331e-03,  -1.29220192e-01],
       [  4.94722694e-02,   8.97804060e-02],
       [ -9.02040135e-02,  -1.22694772e-01],
       [  6.28906446e-02,  -4.55326473e-02],
       [ -1.11232469e-01,   1.36067298e-01],
       [ -1.73312573e-02,   5.23132325e-02],
       [  1.11655160e-01,   1.38473878e-01],
       [ -1.27764465e-01,   2.03771097e-01],
       [  8.67694578e-03,   1.79387029e-03],
       [ -5.15860886e-03,   1.98962731e-01],
       [  4.56703162e-02,  -1.76743396e-01],
       [  9.14845591e-02,  -2.14455025e-02],
       [  3.26846737e-02,   5.48963313e-02],
       [  1.28111040e-01,   9.81916894e-02],
       [  1.28359281e-03,  -5.06595773e-02],
       [ -5.52259405e-02,  -1.12362364e-01],
       [  3.53841258e-02,  -9.53615401e-02],
       [ -1.71227441e-01,   8.12821540e-02],
       [ -2.13340243e-02,  -7.08810226e-03],
       [ -1.80164346e-02,   3.15965422e-02],
       [ -4.35734001e-02,   7.58900574e-02],
       [ -1.15233094e-01,  -4.86768278e-02],
       [ -7.89713018e-02,   2.91190816e-02],
       [  7.23893198e-03,  -6.13215417e-02],
       [ -1.21493266e-01,   5.10907687e-02],
       [  4.42210211e-02,  -7.62007488e-02],
       [ -7.26088557e-02,  -1.04526658e-01],
       [  1.46936282e-01,  -1.32053824e-01],
       [  4.74347022e-02,  -1.20050678e-01],
       [  1.55734102e-01,  -4.25180320e-03],
       [  6.76422338e-02,  -2.62449775e-02],
       [ -8.95261995e-02,   7.79433380e-02],
       [ -2.01896639e-01,  -3.10925328e-02],
       [ -1.99782161e-03,  -7.73673310e-02],
       [  1.06615699e-01,   2.09410055e-01],
       [  8.43316684e-02,  -7.29212456e-02],
       [  5.39354417e-02,  -9.59153653e-02],
       [  6.84670840e-02,  -1.53433619e-01],
       [  3.45250249e-02,  -1.44758656e-01],
       [ -2.06092105e-03,  -2.19743512e-02],
       [ -1.92901343e-02,  -5.71434223e-02],
       [  1.63634019e-01,   1.31368127e-02],
       [ -5.39131825e-02,   5.17957372e-02],
       [  3.06516843e-02,   7.32703998e-02],
       [ -4.92389908e-02,   1.82017084e-01],
       [ -6.31821088e-03,   3.92593047e-02],
       [  4.58687857e-02,  -2.35370543e-02],
       [  1.04071721e-01,   1.18700444e-01],
       [ -6.98870976e-02,   5.63852285e-02],
       [ -2.64689779e-02,  -4.61698473e-02],
       [ -1.42084656e-02,   8.72278752e-02],
       [  2.07571850e-02,  -5.86143092e-02],
       [ -3.46618395e-02,   1.38043766e-01],
       [  1.53644580e-01,  -1.68862495e-01],
       [ -3.11235936e-02,   2.87647806e-01],
       [  1.03518132e-01,  -1.60142783e-02],
       [  1.16439140e-01,   6.67029786e-03],
       [ -1.68501457e-01,   5.60957569e-02],
       [ -5.81824236e-02,   7.50439366e-02],
       [  1.56173133e-01,  -1.83775925e-02],
       [  4.73708033e-02,   1.16214378e-01],
       [ -1.66831304e-01,   3.91609649e-02],
       [ -3.29792509e-02,  -1.12138626e-01],
       [  4.20220239e-02,  -1.20713029e-01],
       [  1.01175766e-01,   1.40234247e-01],
       [ -9.30811053e-02,  -4.52683078e-02],
       [ -1.42448605e-01,   2.27670921e-02],
       [  1.45662868e-01,  -4.87429555e-02],
       [ -4.67668711e-02,   9.46702146e-03],
       [  2.89031285e-04,   7.07427442e-02],
       [  1.58010750e-01,  -8.33941982e-03],
       [  4.33525948e-02,  -1.13624781e-01],
       [  4.46755256e-02,   7.57215781e-02],
       [ -2.98080686e-02,  -9.63294570e-02],
       [  3.02756147e-02,  -8.33888967e-02],
       [ -3.02298639e-02,   1.88800911e-01],
       [ -1.42183939e-01,   3.51928205e-02],
       [ -1.07599794e-01,  -1.07364424e-02],
       [ -2.92327198e-01,   1.29939857e-01],
       [ -4.20822345e-02,  -1.12698036e-01],
       [ -1.05104898e-01,   1.63712764e-01],
       [ -3.01499576e-02,   9.39957436e-02],
       [  6.20147726e-02,  -1.63878991e-01],
       [ -1.05519672e-01,   5.87993985e-02],
       [  2.31495425e-02,   9.19071032e-03],
       [ -6.92646547e-02,  -1.75570939e-01],
       [  1.20655326e-01,   1.83033307e-02],
       [ -9.09423932e-03,   6.30374688e-02],
       [ -3.50086276e-02,   1.46944716e-01],
       [  2.83777597e-02,   4.38915456e-02],
       [ -1.11028108e-01,   1.67444430e-02],
       [ -1.19839251e-01,   4.82234269e-02],
       [  6.84082643e-02,  -3.33922311e-02],
       [ -8.18692701e-02,  -6.35831222e-02],
       [  5.72166346e-02,  -1.20197855e-01],
       [ -7.17829982e-02,  -5.61580021e-03],
       [  1.58147159e-01,  -5.13416001e-02],
       [ -5.34633043e-02,  -1.46459069e-01],
       [ -5.10308869e-02,   1.36383558e-01],
       [ -9.71180992e-02,   1.03394003e-01],
       [  1.49833871e-01,  -3.07517825e-02],
       [  1.53293972e-01,  -8.73743701e-02],
       [  4.78155451e-03,  -5.77227663e-02],
       [ -8.43673490e-02,   1.45295437e-01],
       [ -2.07846703e-02,  -2.62704379e-02],
       [  9.28761867e-02,  -2.86675234e-03],
       [ -7.87232703e-02,   1.02614544e-01],
       [ -4.07480600e-03,  -2.57831604e-02],
       [  7.96184309e-02,  -8.70960108e-02],
       [ -1.42692247e-01,   1.31511850e-01],
       [ -1.05355771e-01,   5.83323468e-02],
       [  8.97080037e-02,  -9.54599791e-02],
       [  4.85896548e-02,  -6.41498145e-03],
       [ -1.79035097e-02,  -4.75404246e-02],
       [  1.47030825e-01,   7.45954684e-02],
       [  8.25095475e-02,  -2.98181926e-02],
       [  2.42132738e-01,  -1.06137392e-02],
       [  9.65262036e-02,  -1.47148793e-01],
       [  7.47317498e-02,  -5.79418725e-02],
       [ -8.43704766e-02,  -7.43557719e-02],
       [ -6.05253502e-02,   6.37167348e-02],
       [  8.22310616e-02,  -8.21932090e-02],
       [ -3.31542689e-02,   3.95501614e-03],
       [  4.57234347e-02,   3.81258637e-02],
       [  1.12748617e-02,  -3.93578169e-02],
       [ -6.12649567e-02,   9.46150825e-02],
       [ -1.16560892e-01,   1.42839048e-02],
       [ -1.68491889e-01,   2.09786667e-02],
       [ -1.49344325e-01,   6.27945200e-02],
       [ -8.28602548e-02,   1.69556301e-01],
       [  9.62525227e-02,  -1.70474840e-01],
       [  1.61247397e-03,  -9.61389988e-02],
       [ -1.11414369e-01,   9.57256954e-02],
       [ -1.82846000e-02,   8.53827402e-03],
       [ -1.25057931e-01,  -4.61549570e-02],
       [  1.85413165e-01,   2.55319122e-02],
       [  1.09278403e-01,   9.27928887e-02],
       [ -5.49858087e-02,  -7.98184571e-02],
       [  1.41403014e-01,   2.85524047e-03],
       [ -3.73483880e-02,   1.76220497e-01],
       [ -1.22357634e-03,   2.70288330e-02],
       [ -9.32342943e-03,  -1.38989265e-01],
       [ -2.64426292e-02,  -1.91974285e-01],
       [  1.43785054e-01,  -8.72634892e-02],
       [ -7.04331948e-02,   6.21610317e-02],
       [ -1.39120305e-01,   2.02451040e-01],
       [  2.77473096e-02,   6.90336435e-02],
       [  6.50784544e-02,   1.42632416e-02],
       [ -1.00336851e-01,   1.07351157e-01],
       [ -3.34662422e-01,   4.31331383e-02],
       [  1.70699211e-01,  -2.94719628e-02],
       [  4.65058315e-02,   3.25906741e-03],
       [  4.89687572e-02,   1.48741871e-01],
       [ -1.58812278e-03,   4.95707955e-03],
       [  9.14984840e-03,   1.31065422e-01],
       [  6.90307259e-02,  -6.86486081e-03],
       [  1.46441180e-01,   4.13869442e-02],
       [ -4.61801864e-02,  -1.34239886e-01],
       [  1.61581563e-01,   1.95569881e-02],
       [  3.95250024e-02,  -9.16019172e-02],
       [  1.14808408e-02,  -1.05799613e-01],
       [  1.77685754e-02,  -3.47184094e-02]])
