0 array([[ 0.        ,  0.        ],
       [-0.07383833,  0.13762806],
       [-0.30331487,  0.01899089],
       [-0.04008087, -0.12370697],
       [-0.03938378, -0.10539467],
       [ 0.12456286,  0.16520428],
       [ 0.06087499,  0.08363693],
       [ 0.02619748,  0.01446765],
       [-0.00745278, -0.12471157],
       [-0.03940324, -0.08827065],
       [-0.1623256 , -0.03570513],
       [ 0.11117417,  0.05971783],
       [-0.12518825,  0.08099586],
       [-0.07607509,  0.00511597],
       [ 0.09812476,  0.09797346],
       [-0.11130303,  0.06081   ],
       [-0.1198853 ,  0.16171009],
       [ 0.06796786, -0.05428083],
       [-0.13737072,  0.03581253],
       [-0.12378734,  0.09144088]])
100 array([[  0.00000000e+00,   0.00000000e+00],
       [  7.96368773e-03,   8.35619932e-02],
       [  8.93769020e-03,   6.84116107e-02],
       [  9.04803107e-03,   6.46292965e-02],
       [  5.34375776e-02,  -3.59509221e-02],
       [  1.11659915e-01,  -5.22083019e-02],
       [ -6.34091841e-02,  -6.20664930e-02],
       [  2.55676718e-02,  -9.54656358e-02],
       [  3.25815010e-02,   6.20537417e-02],
       [ -1.30813395e-01,  -7.10395512e-02],
       [ -2.58762107e-02,  -3.90889928e-02],
       [ -9.05628854e-02,   5.97051856e-02],
       [  2.16604828e-04,  -1.10308139e-01],
       [ -5.26302165e-03,  -2.16695044e-01],
       [  1.51570370e-01,   3.24588049e-02],
       [ -2.85316410e-01,  -5.21588414e-02],
       [  6.43312117e-02,   6.69970811e-02],
       [ -6.96459013e-02,  -8.09433383e-04],
       [  4.44445756e-02,   9.28993535e-02],
       [  2.65084291e-01,   9.56968130e-02],
       [  7.80780009e-02,   1.45490874e-01],
       [ -6.84901316e-02,   1.07745010e-01],
       [ -6.71159819e-02,   3.15626995e-02],
       [  9.40745267e-02,  -1.76267313e-02],
       [  2.78791507e-01,   2.15961953e-02],
       [  5.57306221e-02,   3.88174338e-02],
       [  1.02145227e-01,  -1.06752875e-01],
       [  7.93815066e-02,   1.52516365e-01],
       [ -1.10059823e-01,   5.06536333e-02],
       [ -6.42221966e-02,  -3.59211016e-02],
       [  4.50715796e-02,   1.11177760e-01],
       [ -6.04950347e-02,  -3.07111245e-02],
       [  6.03637345e-02,  -1.30935808e-01],
       [ -4.01438826e-02,   2.08116958e-01],
       [ -2.07122510e-01,  -1.12721836e-01],
       [ -4.95877098e-02,   9.98691717e-02],
       [  1.92433586e-01,   4.59548431e-02],
       [ -1.12212572e-01,   7.97474050e-02],
       [ -7.03559784e-02,   6.33597729e-02],
       [ -9.99001039e-02,  -1.98018736e-02],
       [  1.61024311e-02,   5.69603484e-02],
       [ -1.43858887e-02,  -5.58890187e-02],
       [  5.47000520e-02,  -3.10302587e-02],
       [  1.43980554e-01,   1.21691965e-01],
       [ -2.64791770e-02,   1.02375117e-02],
       [  4.46299797e-02,  -1.57202274e-02],
       [ -1.01934940e-01,  -6.81901581e-02],
       [ -1.40666286e-01,  -1.54049401e-01],
       [ -6.95249965e-02,   7.46086936e-02],
       [  1.23132487e-01,   4.80404211e-02],
       [  4.19477660e-02,   1.36624782e-01],
       [ -9.82330085e-02,   8.07543241e-02],
       [  5.23170178e-02,  -1.92791535e-01],
       [  2.24364410e-01,   9.73738892e-03],
       [  9.86542925e-02,   3.17189773e-02],
       [ -6.30743824e-02,   8.93189370e-02],
       [  6.67268324e-02,   6.70862521e-02],
       [  2.25362144e-03,   8.42182351e-03],
       [ -1.27548656e-01,   1.86448183e-01],
       [ -1.22803823e-01,  -1.35772884e-01],
       [ -2.30815974e-02,  -1.10079311e-01],
       [  3.84262800e-03,  -6.86987273e-02],
       [ -8.88020199e-02,  -7.39425052e-02],
       [ -1.06319656e-01,  -1.44779947e-01],
       [ -5.47418504e-03,  -1.31367501e-01],
       [ -1.52693976e-01,  -8.14030138e-02],
       [ -1.25757570e-01,  -3.98869454e-02],
       [ -2.17158096e-01,  -1.45209191e-01],
       [  6.62027659e-02,  -1.30889494e-01],
       [  1.10055370e-01,   8.08211875e-02],
       [ -1.67073499e-01,  -1.21412779e-01],
       [ -1.28403413e-01,   8.05318148e-02],
       [  5.98986413e-02,  -1.05225307e-01],
       [  5.23538417e-02,  -1.38567041e-01],
       [  1.03002033e-01,   8.58706733e-02],
       [  1.44650725e-01,   3.49398387e-02],
       [ -4.05461744e-03,   1.88774049e-01],
       [  1.45952014e-01,   1.19249093e-01],
       [  8.19689354e-02,  -4.71124571e-02],
       [  2.90632970e-02,  -1.09343311e-01],
       [  2.95284481e-01,   1.66391600e-02],
       [  2.87847978e-02,  -3.28255723e-02],
       [  9.86811938e-03,   1.31496301e-01],
       [ -1.53844657e-01,  -1.15732624e-01],
       [ -1.23949169e-01,  -1.75463886e-01],
       [ -4.65457962e-02,   1.17929009e-01],
       [  1.42347416e-01,   2.43529820e-01]])
200 array([[  0.00000000e+00,   0.00000000e+00],
       [  9.04803107e-03,   6.46292965e-02],
       [  3.25815010e-02,   6.20537417e-02],
       [ -1.30813395e-01,  -7.10395512e-02],
       [  2.16604828e-04,  -1.10308139e-01],
       [ -5.26302165e-03,  -2.16695044e-01],
       [  4.44445756e-02,   9.28993535e-02],
       [  9.40745267e-02,  -1.76267313e-02],
       [  7.93815066e-02,   1.52516365e-01],
       [ -6.42221966e-02,  -3.59211016e-02],
       [ -6.30743824e-02,   8.93189370e-02],
       [  2.25362144e-03,   8.42182351e-03],
       [ -1.07992079e-01,   1.45340711e-01],
       [ -5.07895081e-02,   3.94724884e-02],
       [ -7.33561666e-04,  -3.30992025e-03],
       [  3.48117084e-02,  -8.64799799e-02],
       [ -4.34856950e-03,   5.75044392e-02],
       [  1.02444982e-02,  -7.00088378e-03],
       [  7.87553099e-04,   7.63615504e-02],
       [  4.28086165e-02,  -8.32015724e-02],
       [  3.51433681e-02,   6.62789298e-02],
       [  8.04971530e-02,   9.39306692e-02],
       [ -6.70958956e-03,   6.63389818e-02],
       [ -8.47683218e-02,   1.33955802e-01],
       [  5.22611881e-02,  -7.16487326e-02],
       [ -1.80933137e-01,  -3.52455219e-02],
       [ -1.52237861e-01,   1.82812478e-01],
       [  3.31119366e-02,  -4.88019273e-02],
       [  1.32045857e-01,  -1.55157235e-01],
       [ -5.06776330e-02,  -1.28745730e-01],
       [ -4.41783549e-02,   6.78658747e-02],
       [  2.16252022e-01,  -1.24848765e-02],
       [ -3.37409350e-02,  -7.49989029e-02],
       [ -1.12578820e-01,  -6.37327237e-02],
       [ -8.57193385e-02,  -7.77890817e-02],
       [  1.71403921e-01,   1.83233750e-01],
       [ -3.28288016e-02,   9.98588160e-02],
       [ -3.08743616e-02,   9.01136132e-02],
       [  3.94119332e-03,  -1.53401480e-01],
       [ -1.13201352e-01,  -1.28978380e-01],
       [  3.55635217e-02,  -2.57505506e-01],
       [ -4.04564416e-03,  -7.02604976e-02],
       [  1.70163374e-01,   1.41938734e-02],
       [  1.37854573e-02,  -7.55401380e-02],
       [ -6.35137593e-02,  -1.17983338e-01],
       [  1.71066613e-01,   8.42884957e-03],
       [ -1.70824705e-01,   1.60456353e-01],
       [ -1.79263731e-01,  -3.01549542e-02],
       [ -1.15269905e-02,   8.97422866e-02],
       [  3.34299094e-02,  -3.66036500e-02],
       [  1.29398676e-01,   2.16956510e-02],
       [  1.30568479e-01,   5.93434037e-02],
       [ -2.04485374e-01,   6.00814317e-03],
       [ -4.05082182e-02,   6.04257036e-02],
       [ -7.43593662e-02,   5.23963310e-02],
       [ -1.00118739e-02,   8.17437429e-02],
       [  5.86109886e-02,   6.72029278e-03],
       [ -8.55087311e-02,   1.34355412e-02],
       [  7.06175813e-02,  -8.37447634e-02],
       [  7.94871835e-02,  -3.71508664e-03],
       [  2.36752396e-01,   1.47251686e-01],
       [  2.59626146e-02,  -1.21836979e-02],
       [ -1.01384040e-01,   1.57855078e-01],
       [  8.86412179e-03,  -4.33076797e-02],
       [  1.76341442e-01,   2.08033364e-02],
       [ -2.37955120e-03,   6.99220739e-02],
       [ -2.24270231e-02,   6.36386023e-02],
       [ -5.73355703e-02,   9.11835801e-02],
       [ -2.06060235e-03,   1.02849561e-01],
       [ -9.00040669e-02,   5.62104424e-02],
       [ -8.71814190e-02,   2.34557477e-01],
       [ -1.06348127e-01,   8.83931019e-03],
       [  8.88949478e-02,   1.64899232e-02],
       [  3.11250642e-02,   1.43007711e-01],
       [ -8.46922926e-03,  -6.31008371e-02],
       [  9.73023634e-04,   5.80603111e-02],
       [ -8.40588424e-02,  -1.42032264e-01],
       [  1.23504899e-01,  -1.66912464e-02],
       [ -6.45546911e-02,   1.38208437e-01],
       [ -8.08187510e-02,  -2.72060476e-02],
       [ -1.37113218e-01,  -2.76960311e-02],
       [ -4.53411581e-02,   7.96226694e-02],
       [ -7.03799684e-03,   1.59176028e-01],
       [ -4.01940847e-02,  -5.07086373e-02],
       [  2.14079760e-02,  -1.38528790e-02],
       [  1.86621057e-02,   4.93724524e-02],
       [ -8.97671077e-02,   3.80333656e-02],
       [ -2.93462818e-02,   9.87300534e-02],
       [  1.16628995e-01,  -4.77303727e-02],
       [ -2.50907057e-02,   1.42853564e-01],
       [  1.93948340e-03,  -7.97486835e-02],
       [ -5.17158134e-02,  -3.60796934e-02],
       [  6.68247644e-02,  -6.72322134e-02],
       [ -6.15289826e-02,   5.03085565e-02],
       [  8.93043118e-03,   1.56754992e-02],
       [ -1.04036984e-01,   1.37477673e-01],
       [ -1.41129892e-01,  -6.37353572e-02],
       [ -2.17993614e-01,   1.23048091e-02],
       [ -1.83345903e-02,  -6.22930143e-02]])
300 array([[ 0.        ,  0.        ],
       [ 0.00904803,  0.0646293 ],
       [ 0.0325815 ,  0.06205374],
       [-0.00526302, -0.21669504],
       [-0.0642222 , -0.0359211 ],
       [ 0.00225362,  0.00842182],
       [-0.05078951,  0.03947249],
       [-0.00073356, -0.00330992],
       [ 0.03481171, -0.08647998],
       [-0.00434857,  0.05750444],
       [ 0.0102445 , -0.00700088],
       [ 0.00078755,  0.07636155],
       [ 0.04280862, -0.08320157],
       [-0.08476832,  0.1339558 ],
       [ 0.05226119, -0.07164873],
       [-0.18093314, -0.03524552],
       [ 0.13204586, -0.15515724],
       [-0.04417835,  0.06786587],
       [-0.08571934, -0.07778908],
       [-0.0328288 ,  0.09985882],
       [ 0.00394119, -0.15340148],
       [-0.04050822,  0.0604257 ],
       [ 0.07061758, -0.08374476],
       [ 0.02596261, -0.0121837 ],
       [-0.07139336,  0.083096  ],
       [-0.01439482,  0.0731212 ],
       [ 0.05313832, -0.07422176],
       [-0.05876374,  0.09062961],
       [-0.01487639,  0.00955914],
       [-0.09939472, -0.04154553],
       [ 0.18923234,  0.13226639],
       [ 0.05504406, -0.02925703],
       [-0.01862269,  0.05538463],
       [ 0.04211041, -0.1978203 ],
       [ 0.03482485,  0.1221656 ],
       [-0.04210144,  0.01817568],
       [ 0.00216623,  0.09189707],
       [ 0.06808562, -0.01624012],
       [-0.06253701,  0.00163137],
       [ 0.06550821, -0.09472465],
       [-0.06136492,  0.05128989],
       [-0.1295219 ,  0.04361057],
       [-0.07864252,  0.01040915],
       [ 0.14339995, -0.02867554],
       [ 0.11541364, -0.18472203],
       [ 0.10857414, -0.01861699],
       [ 0.01096796, -0.12673128],
       [-0.12383075, -0.06189211],
       [-0.05545339, -0.11213386],
       [ 0.09342493,  0.13785858],
       [ 0.00564735,  0.17363716],
       [-0.02127799, -0.06905011],
       [-0.09195867, -0.05999402],
       [-0.16817511,  0.13040619],
       [-0.20440658,  0.05162139],
       [ 0.09188196, -0.03737988],
       [-0.10360846,  0.09504214],
       [-0.18362905,  0.09096629],
       [ 0.03043138,  0.11734042],
       [-0.05957954,  0.07933487],
       [-0.02949197,  0.03466038],
       [-0.01983772, -0.05552528],
       [-0.01717061, -0.02358026],
       [ 0.04859819, -0.05521817],
       [ 0.02054272,  0.13145407],
       [ 0.08545104,  0.03522135],
       [-0.16468582,  0.03034404],
       [-0.05135763,  0.06422065],
       [-0.00736887,  0.02227052],
       [-0.20026267, -0.09115054],
       [ 0.04674714, -0.0592236 ],
       [ 0.14437567,  0.23909879],
       [-0.02356467,  0.05012422],
       [ 0.05898525, -0.04835091],
       [-0.16510445,  0.23520768],
       [ 0.03655348,  0.29244644],
       [ 0.00459961, -0.13269709],
       [ 0.0984529 ,  0.03063241],
       [-0.1004339 , -0.00565152],
       [-0.06579597, -0.02759234],
       [-0.03808773, -0.083665  ],
       [ 0.03558341, -0.18395705],
       [-0.19784423, -0.1214678 ],
       [ 0.01110369, -0.03654117],
       [-0.11574459, -0.0678959 ],
       [ 0.01440183, -0.10999728],
       [ 0.03305254, -0.24747402],
       [-0.16137291, -0.16800618],
       [-0.05061234, -0.15294742],
       [-0.08322451,  0.04729867],
       [ 0.02953595,  0.0896444 ],
       [ 0.19239042,  0.01550793],
       [ 0.14762799,  0.10367638],
       [-0.09891164, -0.06262253],
       [ 0.1456273 , -0.11606055],
       [-0.00569766, -0.00708993],
       [ 0.113607  , -0.20789324],
       [ 0.08608798, -0.14202228],
       [ 0.0019678 ,  0.09158113],
       [ 0.09157917,  0.02187015],
       [ 0.14449276, -0.00342754],
       [ 0.05266937,  0.09273553],
       [-0.09266645,  0.01726636],
       [-0.07996347,  0.01893948],
       [-0.00838053, -0.01250609],
       [ 0.04340036, -0.00397108]])
400 array([[  0.00000000e+00,   0.00000000e+00],
       [  9.04803107e-03,   6.46292965e-02],
       [  3.25815010e-02,   6.20537417e-02],
       [ -5.26302165e-03,  -2.16695044e-01],
       [ -6.42221966e-02,  -3.59211016e-02],
       [  2.25362144e-03,   8.42182351e-03],
       [ -5.07895081e-02,   3.94724884e-02],
       [ -7.33561666e-04,  -3.30992025e-03],
       [  3.48117084e-02,  -8.64799799e-02],
       [ -4.34856950e-03,   5.75044392e-02],
       [  7.87553099e-04,   7.63615504e-02],
       [  4.28086165e-02,  -8.32015724e-02],
       [ -8.47683218e-02,   1.33955802e-01],
       [  5.22611881e-02,  -7.16487326e-02],
       [ -1.80933137e-01,  -3.52455219e-02],
       [  1.32045857e-01,  -1.55157235e-01],
       [ -8.57193385e-02,  -7.77890817e-02],
       [ -4.05082182e-02,   6.04257036e-02],
       [  7.06175813e-02,  -8.37447634e-02],
       [  2.59626146e-02,  -1.21836979e-02],
       [ -7.13933650e-02,   8.30960039e-02],
       [ -1.43948247e-02,   7.31211984e-02],
       [ -1.48763934e-02,   9.55913636e-03],
       [  1.89232338e-01,   1.32266387e-01],
       [  3.48248453e-02,   1.22165603e-01],
       [ -6.25370132e-02,   1.63137361e-03],
       [  1.43399948e-01,  -2.86755410e-02],
       [ -2.04406576e-01,   5.16213943e-02],
       [  1.15943628e-01,   1.14983485e-01],
       [  8.11691526e-02,  -9.95637690e-02],
       [  8.32899386e-02,   1.11562374e-01],
       [  2.25557546e-04,   2.33737212e-02],
       [ -2.94498342e-02,  -8.04529586e-02],
       [  1.80387813e-02,   8.54370780e-02],
       [  8.68475183e-03,   2.54656547e-02],
       [  6.45347873e-02,  -2.28161529e-02],
       [ -9.06051670e-03,   2.20680792e-02],
       [ -6.72683769e-02,   4.49450619e-02],
       [ -8.57849148e-02,   7.59250787e-02],
       [ -2.57524119e-02,  -9.26812520e-02],
       [ -7.04455931e-02,   1.46244286e-01],
       [  6.14038894e-02,  -1.19303641e-01],
       [  2.86220207e-03,   4.64925802e-02],
       [ -6.08133886e-02,  -8.50037476e-02],
       [  3.48335784e-02,  -1.56968126e-01],
       [ -8.07415975e-02,  -1.82173150e-02],
       [ -6.71867597e-02,   2.40997025e-01],
       [  2.99158480e-02,  -2.09877730e-02],
       [  1.39719255e-01,  -7.61997330e-02],
       [  1.70687069e-01,  -1.02012087e-01],
       [ -1.39953731e-01,   6.49354140e-02],
       [  3.47541933e-04,   8.62922579e-02],
       [ -9.77987392e-02,  -3.76256219e-02],
       [ -6.13865128e-02,  -9.13645384e-02],
       [ -3.92545726e-02,   3.21476168e-02],
       [ -7.79095218e-02,  -1.29161115e-01],
       [  2.41303176e-02,  -1.34155525e-01],
       [  1.32078713e-01,   7.79703290e-02],
       [  1.26851039e-02,   1.09489198e-01],
       [  3.11947674e-02,   1.40300042e-01],
       [  1.44093986e-01,  -7.03458617e-02],
       [  1.25649496e-01,   2.33634215e-02],
       [  1.56197467e-01,   3.28751153e-03],
       [ -8.65642121e-02,   6.89675449e-02],
       [  4.19447169e-02,   9.20932182e-03],
       [  1.93990223e-03,   5.53046294e-03],
       [  9.42431493e-02,  -7.23108696e-02],
       [  4.96849627e-02,   6.65757470e-02],
       [  3.94642206e-02,   1.10442496e-01],
       [  4.90663914e-02,  -2.48141847e-02],
       [ -3.84011351e-02,   1.86062569e-01],
       [  7.56089254e-02,   6.13384771e-02],
       [ -6.53188067e-02,  -1.92449398e-01],
       [ -5.56619613e-02,   1.32639533e-01],
       [  1.34624316e-03,  -5.49903608e-02],
       [  1.47088991e-01,   1.44320280e-01],
       [ -1.78511686e-01,  -8.53060485e-02],
       [ -1.28898513e-01,   5.18210822e-02],
       [  5.77840484e-03,   4.28104097e-02],
       [  1.22516690e-01,  -3.61251238e-02],
       [ -8.29049269e-02,  -1.33912932e-01],
       [  2.80614252e-02,  -1.05256627e-01],
       [  6.67205175e-02,   5.29077950e-02],
       [ -5.42160118e-02,   1.38691062e-01],
       [  1.70202772e-01,  -5.76751284e-03],
       [ -3.01171993e-02,   1.76714375e-02],
       [ -1.01565460e-01,  -1.08119674e-01],
       [ -1.97952079e-01,  -4.68463909e-02],
       [  1.23557310e-01,  -1.11390721e-02],
       [ -2.77888978e-02,  -1.48282582e-01],
       [  3.78430304e-02,  -2.78303491e-02],
       [  4.74360868e-02,  -1.49050323e-02],
       [  1.48273794e-01,   6.66333372e-02],
       [  5.48747459e-02,  -2.07338729e-02],
       [ -1.99757499e-01,   2.21081679e-02],
       [ -1.04397247e-01,   3.03276155e-02],
       [  9.70396382e-02,  -6.07357488e-02],
       [ -8.98136166e-02,   1.20669742e-02],
       [ -4.86706308e-02,   1.80732224e-01],
       [  9.85793041e-02,   9.57251693e-02],
       [ -1.59501532e-02,   1.29556566e-01],
       [ -3.88756987e-02,   2.18491852e-01],
       [  1.75543547e-02,   4.73638258e-02],
       [  1.02161727e-01,   4.56097182e-02],
       [  1.05147331e-02,   1.37283476e-02],
       [ -1.23872864e-01,   2.08582793e-03],
       [ -1.24718788e-01,  -6.22401689e-02],
       [ -1.08100521e-01,   4.83145045e-02],
       [ -2.74864707e-02,   1.26587056e-01],
       [  9.07836538e-02,  -1.42833489e-01]])
500 array([[  0.00000000e+00,   0.00000000e+00],
       [  9.04803107e-03,   6.46292965e-02],
       [  3.25815010e-02,   6.20537417e-02],
       [ -5.26302165e-03,  -2.16695044e-01],
       [ -6.42221966e-02,  -3.59211016e-02],
       [  2.25362144e-03,   8.42182351e-03],
       [ -5.07895081e-02,   3.94724884e-02],
       [ -7.33561666e-04,  -3.30992025e-03],
       [  3.48117084e-02,  -8.64799799e-02],
       [ -4.34856950e-03,   5.75044392e-02],
       [  4.28086165e-02,  -8.32015724e-02],
       [ -8.47683218e-02,   1.33955802e-01],
       [  5.22611881e-02,  -7.16487326e-02],
       [ -1.80933137e-01,  -3.52455219e-02],
       [  1.32045857e-01,  -1.55157235e-01],
       [ -8.57193385e-02,  -7.77890817e-02],
       [ -4.05082182e-02,   6.04257036e-02],
       [  7.06175813e-02,  -8.37447634e-02],
       [  2.59626146e-02,  -1.21836979e-02],
       [ -7.13933650e-02,   8.30960039e-02],
       [ -1.43948247e-02,   7.31211984e-02],
       [ -1.48763934e-02,   9.55913636e-03],
       [  1.89232338e-01,   1.32266387e-01],
       [  3.48248453e-02,   1.22165603e-01],
       [ -6.25370132e-02,   1.63137361e-03],
       [  1.43399948e-01,  -2.86755410e-02],
       [ -2.04406576e-01,   5.16213943e-02],
       [  8.11691526e-02,  -9.95637690e-02],
       [  8.32899386e-02,   1.11562374e-01],
       [ -2.94498342e-02,  -8.04529586e-02],
       [ -9.06051670e-03,   2.20680792e-02],
       [ -6.72683769e-02,   4.49450619e-02],
       [ -7.04455931e-02,   1.46244286e-01],
       [  6.14038894e-02,  -1.19303641e-01],
       [  2.99158480e-02,  -2.09877730e-02],
       [  1.93990223e-03,   5.53046294e-03],
       [  9.42431493e-02,  -7.23108696e-02],
       [  7.56089254e-02,   6.13384771e-02],
       [ -5.56619613e-02,   1.32639533e-01],
       [  1.58068823e-02,   7.92660413e-02],
       [  1.11511667e-01,  -9.55424744e-03],
       [ -8.89824942e-02,   4.60420780e-02],
       [ -1.78137441e-02,  -1.37324435e-01],
       [  8.21612463e-03,  -1.33084858e-01],
       [ -8.03456125e-02,  -2.18130009e-02],
       [ -9.19407012e-02,   4.98643082e-02],
       [  7.34100851e-03,   1.30913072e-02],
       [  6.98250458e-02,   3.69985106e-02],
       [  1.18338384e-01,   9.09586281e-02],
       [  2.15947105e-01,  -5.27508302e-02],
       [  2.65870136e-04,   1.01396344e-01],
       [  5.65679888e-02,   8.24091082e-03],
       [  6.38148800e-02,   1.15174441e-01],
       [ -6.50391225e-02,  -1.15200469e-02],
       [ -8.67501958e-02,  -3.85806759e-02],
       [ -4.52419406e-02,  -1.16144602e-02],
       [ -1.04349406e-01,  -8.48223937e-02],
       [ -5.21079901e-02,  -8.12530257e-02],
       [  1.23521866e-02,   9.04742790e-02],
       [  2.71862231e-02,   6.24186066e-02],
       [ -3.90549006e-02,   1.79036204e-01],
       [  2.11913512e-02,   7.81660021e-02],
       [  9.89128818e-02,  -4.83243120e-02],
       [ -1.37256541e-01,   5.94648511e-02],
       [ -2.08753579e-02,  -2.58624625e-02],
       [  1.22795710e-01,   1.52092077e-02],
       [  6.14823622e-02,  -1.57501871e-01],
       [  8.78964505e-03,   5.80883078e-03],
       [  1.17017033e-02,   1.04559900e-01],
       [ -1.08871696e-02,   3.74741215e-02],
       [  1.34594300e-01,  -2.47965986e-01],
       [  3.91749396e-02,   3.44791283e-02],
       [ -1.29396460e-01,  -5.90819114e-02],
       [  1.31452613e-02,  -5.41457604e-02],
       [ -3.56271026e-03,  -2.15946501e-02],
       [ -9.75567146e-02,  -1.49187505e-01],
       [ -1.48239353e-01,   4.46454933e-02],
       [  9.52102319e-02,   5.13646825e-03],
       [ -3.11676842e-02,   1.89327034e-01],
       [ -8.14226693e-02,  -1.25766114e-01],
       [  1.64365872e-01,  -1.76963321e-02],
       [  4.85324952e-02,  -2.80431711e-02],
       [  2.68918880e-02,   5.76646081e-02],
       [ -3.28327772e-02,   4.99849329e-02],
       [  1.12120636e-01,  -4.88368804e-02],
       [ -1.30930934e-01,   1.16596275e-01],
       [ -7.32651291e-02,  -8.89386729e-02],
       [ -1.88142897e-02,   3.49155624e-02],
       [  2.14766092e-01,  -1.32673121e-01],
       [ -3.48887904e-01,   5.56851611e-02],
       [  1.58756000e-01,  -2.63428229e-02],
       [  6.91216578e-02,  -7.85979258e-02],
       [ -2.15600520e-01,  -2.22596760e-02],
       [ -2.45319495e-02,   1.69758606e-01],
       [  2.00184314e-01,  -6.55976799e-02],
       [ -1.66736347e-01,   3.95446117e-02],
       [  2.64336367e-02,  -1.12281854e-01],
       [  2.61946592e-02,   9.10852752e-02],
       [  2.15024649e-01,  -9.40129860e-02],
       [ -9.70409913e-02,   1.37914473e-01],
       [  1.09375279e-01,  -1.85035133e-02],
       [ -1.79897229e-02,  -1.84955053e-01],
       [ -1.06205082e-01,  -8.66009803e-02],
       [ -5.05511593e-02,   5.99726939e-02],
       [ -5.88830887e-02,  -2.77052475e-02],
       [  1.03942431e-01,   2.24675765e-02],
       [  2.39256781e-01,  -1.99151145e-01],
       [ -1.51694657e-02,  -7.26118819e-02],
       [ -4.37347496e-02,  -1.01544062e-01],
       [ -6.09514658e-02,   7.00969549e-02],
       [  2.82133518e-01,  -1.08196577e-01],
       [  2.20942520e-02,   7.10020864e-02],
       [  2.23045538e-01,  -8.23725672e-02],
       [  1.56268305e-01,  -1.60406607e-01],
       [  7.67820433e-02,  -1.00651796e-01],
       [  8.09198774e-03,  -1.29341795e-01],
       [  4.36479611e-02,   3.47944102e-01],
       [ -3.05230625e-02,  -6.60325078e-02]])
600 array([[  0.00000000e+00,   0.00000000e+00],
       [  9.04803107e-03,   6.46292965e-02],
       [  3.25815010e-02,   6.20537417e-02],
       [ -5.26302165e-03,  -2.16695044e-01],
       [ -6.42221966e-02,  -3.59211016e-02],
       [  2.25362144e-03,   8.42182351e-03],
       [ -5.07895081e-02,   3.94724884e-02],
       [ -7.33561666e-04,  -3.30992025e-03],
       [  3.48117084e-02,  -8.64799799e-02],
       [ -4.34856950e-03,   5.75044392e-02],
       [  4.28086165e-02,  -8.32015724e-02],
       [ -8.47683218e-02,   1.33955802e-01],
       [  5.22611881e-02,  -7.16487326e-02],
       [ -1.80933137e-01,  -3.52455219e-02],
       [  1.32045857e-01,  -1.55157235e-01],
       [ -8.57193385e-02,  -7.77890817e-02],
       [ -4.05082182e-02,   6.04257036e-02],
       [  7.06175813e-02,  -8.37447634e-02],
       [  2.59626146e-02,  -1.21836979e-02],
       [ -7.13933650e-02,   8.30960039e-02],
       [ -1.43948247e-02,   7.31211984e-02],
       [ -1.48763934e-02,   9.55913636e-03],
       [  1.89232338e-01,   1.32266387e-01],
       [  3.48248453e-02,   1.22165603e-01],
       [ -6.25370132e-02,   1.63137361e-03],
       [  1.43399948e-01,  -2.86755410e-02],
       [ -2.04406576e-01,   5.16213943e-02],
       [  8.11691526e-02,  -9.95637690e-02],
       [  8.32899386e-02,   1.11562374e-01],
       [ -2.94498342e-02,  -8.04529586e-02],
       [ -9.06051670e-03,   2.20680792e-02],
       [ -6.72683769e-02,   4.49450619e-02],
       [ -7.04455931e-02,   1.46244286e-01],
       [  6.14038894e-02,  -1.19303641e-01],
       [  2.99158480e-02,  -2.09877730e-02],
       [  9.42431493e-02,  -7.23108696e-02],
       [ -5.56619613e-02,   1.32639533e-01],
       [  1.58068823e-02,   7.92660413e-02],
       [  1.11511667e-01,  -9.55424744e-03],
       [ -8.89824942e-02,   4.60420780e-02],
       [ -1.78137441e-02,  -1.37324435e-01],
       [  8.21612463e-03,  -1.33084858e-01],
       [  7.34100851e-03,   1.30913072e-02],
       [  6.98250458e-02,   3.69985106e-02],
       [  5.65679888e-02,   8.24091082e-03],
       [ -6.50391225e-02,  -1.15200469e-02],
       [ -1.08871696e-02,   3.74741215e-02],
       [ -9.70007410e-03,   1.89777853e-02],
       [  4.89249293e-02,  -2.93904134e-02],
       [ -9.70012339e-02,  -1.54889326e-02],
       [ -1.04198852e-01,  -5.28894579e-02],
       [ -3.94026099e-02,  -1.02367168e-01],
       [  4.01822899e-02,  -3.96529507e-02],
       [  1.43372020e-01,  -4.13422248e-02],
       [  2.01919526e-02,  -7.84206576e-02],
       [ -1.15417450e-01,   2.05250479e-01],
       [ -3.52801670e-02,  -1.10075686e-01],
       [  4.36335393e-02,   6.15818906e-02],
       [  6.55344539e-02,   1.11197825e-01],
       [ -9.49608304e-02,   5.02195773e-02],
       [  1.12942421e-02,   7.06056969e-02],
       [  5.96409554e-02,   9.59460398e-03],
       [ -2.40849978e-02,   1.97667442e-02],
       [  1.62194829e-01,  -1.46305920e-01],
       [  1.55249244e-02,   4.38649222e-02],
       [  1.34833303e-01,   4.74447787e-02],
       [  6.75993692e-02,   1.43811445e-02],
       [ -1.02176704e-01,   6.80973871e-03],
       [  1.36569255e-02,   1.31339425e-01],
       [  3.83870691e-02,   2.37159471e-02],
       [  5.25647083e-03,   1.32577311e-01],
       [ -6.55143724e-02,   1.36850964e-02],
       [ -3.14745555e-01,   1.67273400e-01],
       [ -1.05376786e-01,  -1.09701469e-01],
       [  1.36135324e-01,   2.86308964e-01],
       [  9.42674362e-02,   8.09071080e-02],
       [ -1.30356194e-01,  -1.55732347e-01],
       [ -2.02786446e-02,  -1.18854910e-01],
       [  1.18858907e-01,  -6.21006354e-03],
       [ -2.07307786e-01,   3.77042031e-02],
       [  1.59330841e-02,  -8.53214079e-02],
       [ -8.72541746e-02,  -1.52994818e-01],
       [ -1.47459034e-01,   1.59534796e-01],
       [ -1.00139078e-01,   1.14859538e-02],
       [ -4.98833682e-02,   1.79918192e-01],
       [  2.22955507e-02,   9.00537265e-02],
       [ -8.46282466e-02,   9.37321398e-02],
       [  1.74546393e-01,   9.64048759e-02],
       [  3.54716519e-02,  -3.09996796e-02],
       [ -1.48783408e-01,  -1.01945916e-01],
       [  2.86501354e-01,   1.64711303e-01],
       [  1.25569984e-01,   6.75998070e-02],
       [  1.41301641e-01,  -9.13420595e-02],
       [ -1.06370804e-01,  -2.07708043e-03],
       [  3.42204514e-02,  -3.00024077e-02],
       [  5.19095283e-02,   1.15480273e-01],
       [ -1.00282531e-02,   2.56515293e-02],
       [  1.15733280e-02,   2.44523451e-01],
       [ -1.78626851e-01,  -1.16823569e-02],
       [  8.19153347e-02,   2.98208291e-01],
       [  7.54617728e-02,  -1.85158471e-01],
       [  1.57785719e-02,   6.37370561e-02],
       [  5.34730090e-02,   4.51510719e-02],
       [  1.52583587e-02,  -3.41871853e-02],
       [  8.38213836e-02,  -9.34389562e-02],
       [  3.24189615e-02,   6.08778675e-02],
       [ -8.68536763e-02,   1.41152720e-01],
       [ -9.53364954e-02,  -8.03523327e-02],
       [  2.02127025e-02,   7.77687029e-02],
       [  4.18164238e-02,  -2.29839390e-04],
       [  9.81636751e-02,  -2.44707051e-01],
       [  5.84294583e-02,  -4.25387685e-02],
       [ -2.43794082e-01,  -1.34767828e-01],
       [  6.57952379e-03,   6.77439550e-02],
       [  1.57161154e-01,   1.11229262e-01],
       [ -1.00845928e-02,  -1.38056059e-01],
       [  1.87463778e-02,   1.05163929e-01],
       [  6.22595347e-02,   2.23663035e-02],
       [ -9.02826201e-02,   3.43151493e-02],
       [ -5.00847125e-02,   1.52368818e-01],
       [  2.29215531e-02,   1.12960562e-01],
       [  3.21598181e-02,  -6.59335137e-02],
       [ -6.29005242e-02,  -1.17554742e-01],
       [ -1.84327845e-01,  -2.32280835e-01],
       [ -1.27123725e-01,  -6.55775421e-02],
       [  7.58521664e-02,   1.47063739e-02],
       [  2.16831826e-01,  -5.65919935e-02],
       [ -1.47982662e-02,  -2.19528611e-02],
       [  8.05173802e-02,   1.35080928e-01],
       [  4.86638999e-02,   4.09770966e-03],
       [  2.30473354e-02,   2.40757705e-03],
       [  1.26057565e-01,  -1.18103200e-01],
       [ -2.63298527e-02,   2.83230262e-03],
       [ -3.63291526e-02,  -6.11586242e-02],
       [  4.20815995e-02,   1.38023589e-01],
       [ -5.60985369e-02,  -1.09804069e-01]])
700 array([[ 0.        ,  0.        ],
       [ 0.00904803,  0.0646293 ],
       [ 0.0325815 ,  0.06205374],
       [-0.00526302, -0.21669504],
       [-0.0642222 , -0.0359211 ],
       [ 0.00225362,  0.00842182],
       [-0.05078951,  0.03947249],
       [-0.00073356, -0.00330992],
       [ 0.03481171, -0.08647998],
       [-0.00434857,  0.05750444],
       [ 0.04280862, -0.08320157],
       [-0.08476832,  0.1339558 ],
       [ 0.05226119, -0.07164873],
       [-0.18093314, -0.03524552],
       [ 0.13204586, -0.15515724],
       [-0.08571934, -0.07778908],
       [-0.04050822,  0.0604257 ],
       [ 0.07061758, -0.08374476],
       [ 0.02596261, -0.0121837 ],
       [-0.07139336,  0.083096  ],
       [-0.01439482,  0.0731212 ],
       [-0.01487639,  0.00955914],
       [ 0.18923234,  0.13226639],
       [ 0.03482485,  0.1221656 ],
       [-0.06253701,  0.00163137],
       [ 0.14339995, -0.02867554],
       [-0.20440658,  0.05162139],
       [ 0.08116915, -0.09956377],
       [ 0.08328994,  0.11156237],
       [-0.00906052,  0.02206808],
       [-0.06726838,  0.04494506],
       [-0.07044559,  0.14624429],
       [ 0.06140389, -0.11930364],
       [ 0.02991585, -0.02098777],
       [ 0.09424315, -0.07231087],
       [-0.05566196,  0.13263953],
       [ 0.01580688,  0.07926604],
       [ 0.11151167, -0.00955425],
       [-0.08898249,  0.04604208],
       [-0.01781374, -0.13732443],
       [ 0.00821612, -0.13308486],
       [ 0.00734101,  0.01309131],
       [ 0.06982505,  0.03699851],
       [ 0.05656799,  0.00824091],
       [-0.06503912, -0.01152005],
       [-0.01088717,  0.03747412],
       [ 0.04018229, -0.03965295],
       [-0.03528017, -0.11007569],
       [ 0.06553445,  0.11119782],
       [ 0.05964096,  0.0095946 ],
       [-0.024085  ,  0.01976674],
       [-0.1021767 ,  0.00680974],
       [ 0.01365693,  0.13133942],
       [ 0.03838707,  0.02371595],
       [-0.1063708 , -0.00207708],
       [ 0.1229083 , -0.04687035],
       [-0.02788429, -0.00756323],
       [ 0.00640535,  0.14840245],
       [ 0.08098018, -0.1500618 ],
       [-0.05905012,  0.02358266],
       [-0.18952534,  0.04225722],
       [ 0.00138666, -0.14564667],
       [ 0.04045935, -0.07450654],
       [ 0.03862469,  0.01239542],
       [ 0.05241592,  0.01244094],
       [-0.05170547,  0.07711749],
       [-0.02276138,  0.08160273],
       [-0.03768008, -0.06230663],
       [-0.09581401,  0.06080029],
       [-0.05896653,  0.05470791],
       [ 0.00215507,  0.13430204],
       [-0.02582171,  0.06431494],
       [-0.08269885,  0.05867168],
       [-0.02991859, -0.11577149],
       [ 0.03887043,  0.00321947],
       [-0.16221807,  0.03322848],
       [-0.10529669,  0.06895498],
       [ 0.00137517,  0.0447807 ],
       [-0.03165785, -0.04406028],
       [-0.01410001, -0.04382796],
       [ 0.03262374, -0.06175832],
       [-0.08087016,  0.11024879],
       [ 0.08008676,  0.13656964],
       [ 0.01106354, -0.1413221 ],
       [ 0.16558578,  0.09119931],
       [ 0.01649127,  0.00241881],
       [ 0.13376743,  0.13950571],
       [-0.04287508, -0.03533005],
       [-0.00351622, -0.05796428],
       [-0.21946534, -0.19652016],
       [ 0.04928741,  0.09434062],
       [ 0.02792987,  0.02433086],
       [ 0.11402418, -0.10804135],
       [-0.07001524, -0.11181992],
       [-0.23742302,  0.07293957],
       [ 0.09343956, -0.10117233],
       [ 0.08533732, -0.16831671],
       [-0.02621352, -0.21150187],
       [ 0.06420259, -0.01435976],
       [ 0.02712277, -0.00366918],
       [ 0.06783866,  0.11937046],
       [-0.05004856,  0.05717456],
       [ 0.03172942,  0.02466422],
       [-0.05091688, -0.08756225],
       [ 0.11263076,  0.15025309],
       [-0.0509259 , -0.10779674],
       [-0.04735255, -0.21758287],
       [ 0.03361314, -0.16799677],
       [-0.03558679, -0.06209864],
       [ 0.01425727, -0.19524704],
       [ 0.15680204,  0.201683  ],
       [ 0.02164273, -0.08656605],
       [-0.17065017, -0.00087622],
       [-0.02554478,  0.08355733],
       [-0.10405771, -0.08115971],
       [-0.12013399,  0.20928492],
       [-0.03907607, -0.01015499],
       [ 0.13999106, -0.05406999],
       [-0.06909112,  0.0161639 ],
       [ 0.02101958,  0.07275736],
       [-0.02860263,  0.04016036],
       [ 0.04862596, -0.03466512],
       [ 0.07212461, -0.10248968],
       [-0.01595271,  0.0112875 ],
       [-0.0129934 , -0.09132435],
       [ 0.10112581,  0.02725339],
       [-0.11380275, -0.03974166],
       [-0.0394855 ,  0.00598816],
       [-0.02122078, -0.03867937],
       [ 0.02210208, -0.01442543],
       [ 0.02049866,  0.02397175],
       [-0.00055087, -0.05117895],
       [ 0.28627945, -0.00854793],
       [-0.22419305,  0.04018339],
       [-0.10581463,  0.23204832],
       [ 0.10099513,  0.13289478],
       [ 0.05991877, -0.01884543],
       [ 0.04846333, -0.02118481],
       [-0.01693461, -0.06788652],
       [-0.05014881, -0.02482347],
       [-0.07801469, -0.01164454],
       [-0.10397147,  0.1003964 ],
       [ 0.07085018, -0.11542299],
       [-0.09048231, -0.11731917],
       [-0.1466755 ,  0.01379406],
       [ 0.07285391,  0.0020533 ],
       [-0.02160854,  0.03361081],
       [-0.0669522 ,  0.01625029],
       [ 0.10463878, -0.01752563],
       [ 0.17234109,  0.09292246],
       [ 0.02663523, -0.06119801],
       [-0.12023711, -0.0444035 ],
       [-0.03622868, -0.15463763],
       [ 0.07520244, -0.03220134],
       [-0.02137985,  0.01203859],
       [ 0.01933957, -0.05267486],
       [ 0.21442209, -0.08042749]])
800 array([[ 0.        ,  0.        ],
       [ 0.00904803,  0.0646293 ],
       [ 0.0325815 ,  0.06205374],
       [-0.00526302, -0.21669504],
       [-0.0642222 , -0.0359211 ],
       [ 0.00225362,  0.00842182],
       [-0.05078951,  0.03947249],
       [-0.00073356, -0.00330992],
       [ 0.03481171, -0.08647998],
       [-0.00434857,  0.05750444],
       [ 0.04280862, -0.08320157],
       [-0.08476832,  0.1339558 ],
       [ 0.05226119, -0.07164873],
       [-0.18093314, -0.03524552],
       [ 0.13204586, -0.15515724],
       [-0.08571934, -0.07778908],
       [-0.04050822,  0.0604257 ],
       [ 0.07061758, -0.08374476],
       [ 0.02596261, -0.0121837 ],
       [-0.07139336,  0.083096  ],
       [-0.01439482,  0.0731212 ],
       [-0.01487639,  0.00955914],
       [ 0.18923234,  0.13226639],
       [ 0.03482485,  0.1221656 ],
       [ 0.14339995, -0.02867554],
       [-0.20440658,  0.05162139],
       [ 0.08116915, -0.09956377],
       [ 0.08328994,  0.11156237],
       [-0.00906052,  0.02206808],
       [-0.06726838,  0.04494506],
       [-0.07044559,  0.14624429],
       [ 0.06140389, -0.11930364],
       [ 0.02991585, -0.02098777],
       [ 0.09424315, -0.07231087],
       [-0.05566196,  0.13263953],
       [ 0.01580688,  0.07926604],
       [ 0.11151167, -0.00955425],
       [-0.08898249,  0.04604208],
       [-0.01781374, -0.13732443],
       [ 0.00821612, -0.13308486],
       [ 0.00734101,  0.01309131],
       [ 0.06982505,  0.03699851],
       [ 0.05656799,  0.00824091],
       [-0.06503912, -0.01152005],
       [-0.01088717,  0.03747412],
       [ 0.04018229, -0.03965295],
       [-0.03528017, -0.11007569],
       [ 0.05964096,  0.0095946 ],
       [-0.1021767 ,  0.00680974],
       [ 0.03838707,  0.02371595],
       [ 0.1229083 , -0.04687035],
       [-0.02788429, -0.00756323],
       [-0.05905012,  0.02358266],
       [-0.05896653,  0.05470791],
       [-0.02582171,  0.06431494],
       [-0.02991859, -0.11577149],
       [-0.08087016,  0.11024879],
       [-0.00351622, -0.05796428],
       [ 0.04928741,  0.09434062],
       [ 0.06420259, -0.01435976],
       [ 0.02164273, -0.08656605],
       [ 0.02101958,  0.07275736],
       [ 0.03329167, -0.19871552],
       [-0.08414189,  0.07364317],
       [-0.04510839,  0.01375868],
       [ 0.14949092,  0.00632604],
       [ 0.02632923,  0.00726037],
       [ 0.04322474,  0.01580163],
       [-0.10089319, -0.07622986],
       [-0.00505879, -0.11201402],
       [ 0.03938339, -0.04470692],
       [-0.01948823,  0.00885816],
       [ 0.08246863, -0.05502288],
       [ 0.10264698, -0.0931467 ],
       [-0.10364946,  0.07700067],
       [ 0.0451475 ,  0.05328798],
       [ 0.06410649,  0.06764083],
       [ 0.03664727,  0.04377147],
       [-0.04168898,  0.07206303],
       [ 0.1797882 , -0.06081552],
       [-0.04142922,  0.00234529],
       [ 0.0466921 , -0.15061227],
       [-0.00737602,  0.08722281],
       [-0.1088166 , -0.20356241],
       [ 0.08897898,  0.00868571],
       [ 0.00075562, -0.15194487],
       [-0.13183125, -0.0778557 ],
       [-0.14240668,  0.01458507],
       [ 0.02671236,  0.06821709],
       [ 0.00867887, -0.04248539],
       [ 0.05317081, -0.1845962 ],
       [-0.02998596, -0.14922275],
       [-0.00671998,  0.12135508],
       [-0.08020488, -0.00380097],
       [ 0.10596055, -0.02384838],
       [-0.03775812,  0.11650035],
       [-0.08951177,  0.05458149],
       [ 0.05447899,  0.05598761],
       [ 0.02182992,  0.09837278],
       [ 0.03994525, -0.10033771],
       [ 0.12406582,  0.13010833],
       [ 0.18202923, -0.1322856 ],
       [-0.10831196,  0.04328205],
       [ 0.05451137, -0.18188365],
       [-0.13691754, -0.07628295],
       [ 0.03125286,  0.00035082],
       [-0.02272089,  0.27574733],
       [-0.00700091, -0.12295895],
       [-0.01550976,  0.02510076],
       [ 0.2389884 , -0.24328875],
       [ 0.1420005 , -0.03923924],
       [ 0.03734848,  0.11266935],
       [-0.07414361,  0.14752018],
       [-0.00472644,  0.02073983],
       [ 0.16105547, -0.0071599 ],
       [ 0.025636  ,  0.2164133 ],
       [-0.06070055, -0.06122838],
       [ 0.0283115 , -0.02209243],
       [-0.04008293, -0.04603271],
       [ 0.08231987,  0.03216601],
       [ 0.00325554, -0.11399714],
       [-0.10207731, -0.04552728],
       [-0.12323548, -0.05978598],
       [ 0.12975132, -0.08600517],
       [-0.09359728, -0.17507998],
       [ 0.02296802,  0.09417061],
       [-0.07055565,  0.02767031],
       [-0.02419575,  0.09454772],
       [ 0.10711853,  0.08753037],
       [-0.02199918, -0.11096273],
       [-0.03314212,  0.04167445],
       [-0.05768145, -0.05462025],
       [ 0.07111376,  0.12685465],
       [-0.05035698, -0.03221058]])
900 array([[ 0.        ,  0.        ],
       [ 0.00904803,  0.0646293 ],
       [ 0.0325815 ,  0.06205374],
       [-0.00526302, -0.21669504],
       [-0.0642222 , -0.0359211 ],
       [ 0.00225362,  0.00842182],
       [-0.05078951,  0.03947249],
       [-0.00073356, -0.00330992],
       [ 0.03481171, -0.08647998],
       [-0.00434857,  0.05750444],
       [ 0.04280862, -0.08320157],
       [-0.08476832,  0.1339558 ],
       [ 0.05226119, -0.07164873],
       [-0.18093314, -0.03524552],
       [ 0.13204586, -0.15515724],
       [-0.08571934, -0.07778908],
       [-0.04050822,  0.0604257 ],
       [ 0.07061758, -0.08374476],
       [ 0.02596261, -0.0121837 ],
       [-0.07139336,  0.083096  ],
       [-0.01439482,  0.0731212 ],
       [-0.01487639,  0.00955914],
       [ 0.18923234,  0.13226639],
       [ 0.03482485,  0.1221656 ],
       [ 0.14339995, -0.02867554],
       [-0.20440658,  0.05162139],
       [ 0.08116915, -0.09956377],
       [ 0.08328994,  0.11156237],
       [-0.00906052,  0.02206808],
       [-0.06726838,  0.04494506],
       [-0.07044559,  0.14624429],
       [ 0.06140389, -0.11930364],
       [ 0.02991585, -0.02098777],
       [ 0.09424315, -0.07231087],
       [-0.05566196,  0.13263953],
       [ 0.01580688,  0.07926604],
       [ 0.11151167, -0.00955425],
       [-0.08898249,  0.04604208],
       [-0.01781374, -0.13732443],
       [ 0.00821612, -0.13308486],
       [ 0.00734101,  0.01309131],
       [ 0.06982505,  0.03699851],
       [ 0.05656799,  0.00824091],
       [-0.06503912, -0.01152005],
       [-0.01088717,  0.03747412],
       [-0.03528017, -0.11007569],
       [ 0.05964096,  0.0095946 ],
       [-0.1021767 ,  0.00680974],
       [ 0.03838707,  0.02371595],
       [ 0.1229083 , -0.04687035],
       [-0.02788429, -0.00756323],
       [-0.05905012,  0.02358266],
       [-0.05896653,  0.05470791],
       [-0.02582171,  0.06431494],
       [-0.02991859, -0.11577149],
       [-0.08087016,  0.11024879],
       [-0.00351622, -0.05796428],
       [ 0.02101958,  0.07275736],
       [ 0.03329167, -0.19871552],
       [-0.08414189,  0.07364317],
       [-0.04510839,  0.01375868],
       [ 0.14949092,  0.00632604],
       [-0.10089319, -0.07622986],
       [ 0.03938339, -0.04470692],
       [-0.01948823,  0.00885816],
       [ 0.08246863, -0.05502288],
       [ 0.10264698, -0.0931467 ],
       [-0.10364946,  0.07700067],
       [ 0.03664727,  0.04377147],
       [-0.04168898,  0.07206303],
       [-0.00671998,  0.12135508],
       [-0.08020488, -0.00380097],
       [-0.06553915,  0.14582728],
       [ 0.05918534, -0.13313846],
       [-0.01259888, -0.01426899],
       [ 0.06148141,  0.03348503],
       [-0.07198315, -0.1165181 ],
       [-0.05210996, -0.04496243],
       [-0.02427604, -0.08752087],
       [ 0.07729611,  0.05426259],
       [-0.0288997 ,  0.08282165],
       [-0.10011564, -0.01135243],
       [ 0.08043771,  0.1133069 ],
       [-0.12852886, -0.01176359],
       [-0.10306491,  0.01656905],
       [ 0.24606331, -0.09050612],
       [-0.1297206 , -0.0979474 ],
       [ 0.07134334,  0.04670918],
       [ 0.09674075,  0.18513641],
       [ 0.1315299 , -0.10334989],
       [ 0.08342724,  0.0924282 ],
       [ 0.03864713,  0.02117097],
       [-0.00584838,  0.078025  ],
       [ 0.05688493,  0.07976456],
       [-0.14311089,  0.03312055],
       [-0.01442111, -0.02300423],
       [-0.0706862 , -0.02481817],
       [ 0.08754777,  0.05371774],
       [-0.05997729,  0.17540391],
       [-0.19202053,  0.04301967],
       [-0.06524139,  0.06479514],
       [-0.0383364 , -0.01239018],
       [-0.02236152, -0.11716304],
       [-0.03198398, -0.06859912],
       [-0.06351662,  0.15846176],
       [-0.06051676,  0.06089934],
       [-0.12056883,  0.12765425],
       [ 0.136372  , -0.09661984],
       [ 0.08117087, -0.15649915],
       [-0.02532679,  0.19228376],
       [-0.02338591,  0.1387549 ],
       [-0.11591517, -0.05297661],
       [-0.280051  , -0.12759342],
       [-0.1975901 , -0.04736077],
       [-0.19248822, -0.05496304],
       [-0.04596171,  0.0337835 ],
       [ 0.15583159,  0.14832009],
       [-0.06989837, -0.25468904],
       [-0.07982407, -0.09550328],
       [-0.01148148,  0.00196101],
       [ 0.03454284, -0.02817069],
       [ 0.17311025, -0.06836174],
       [ 0.15978221,  0.03683611],
       [ 0.16449095,  0.06917725],
       [-0.01513532,  0.0658089 ],
       [-0.05576523,  0.01060232],
       [-0.05411778, -0.08224482],
       [-0.17571595,  0.11277041],
       [-0.029872  ,  0.03291609],
       [ 0.03608477,  0.11457155],
       [ 0.11906346,  0.09170452],
       [ 0.18212759, -0.09744885],
       [-0.0576742 , -0.02567341],
       [-0.19694921, -0.01791656],
       [ 0.04639422,  0.11227389],
       [ 0.09087423,  0.03175384],
       [-0.01500367,  0.08470263],
       [-0.06725408, -0.07930822],
       [-0.10342347, -0.01599275],
       [ 0.24820686, -0.07371151],
       [-0.11189437,  0.20345415],
       [ 0.0455344 , -0.11929821],
       [-0.18404302, -0.1496221 ],
       [ 0.05254902,  0.07100951],
       [-0.05743177, -0.09411652],
       [ 0.06418021, -0.1148871 ],
       [-0.02678669,  0.10341136],
       [-0.03511156, -0.10412244],
       [ 0.17936528,  0.0345608 ],
       [ 0.01140003, -0.06203887],
       [ 0.02380955,  0.13809954],
       [ 0.12093305, -0.14361622],
       [ 0.01498284,  0.02121737],
       [ 0.02499204,  0.07596379],
       [ 0.11982704,  0.02689859],
       [ 0.04113257, -0.03328454],
       [-0.01489022,  0.01683283],
       [-0.01758197,  0.15687916],
       [ 0.05758669,  0.01012261],
       [-0.04582662, -0.05540711],
       [ 0.11120814, -0.09850613],
       [ 0.20154949, -0.09206869],
       [-0.02153366,  0.02491304],
       [ 0.1177805 ,  0.08820354],
       [ 0.0024919 , -0.01358317],
       [ 0.01256992,  0.07509738],
       [ 0.1759776 , -0.10973645],
       [ 0.06277166, -0.02516623],
       [ 0.0413193 , -0.04958044],
       [-0.00596072,  0.06535359],
       [-0.15161703,  0.03575141],
       [ 0.11647925, -0.18842497],
       [ 0.04143603,  0.11320827],
       [ 0.10951439,  0.12951723],
       [-0.03443886,  0.01182366],
       [ 0.07689606,  0.13851921],
       [-0.05881861,  0.06668967],
       [-0.04739999, -0.07616408],
       [-0.11282684,  0.12101882]])
