7.739933309444768650e-02,1.280443980677831717e-01
2.312118861426464000e-01,-3.961626966614236606e-02
6.504655815434058630e-02,2.196550904184848552e-01
2.212245301269266107e-01,5.667760094885983951e-02
2.432061865160988212e-01,1.112553321117593641e-01
1.122574102152131409e-01,1.496560179147302105e-01
1.814499186652581142e-01,1.342346765738751391e-01
2.212245301269266107e-01,5.667760094885983951e-02
7.739933309444779752e-02,1.280443980677831717e-01
1.814499186652580032e-01,1.342346765738751946e-01
-3.156778681726556124e-02,2.210228150336535635e-01
9.938098948362000806e-02,1.826221292306827171e-01
1.465918415444925627e-01,1.126230567269281280e-01
1.465918415444925627e-01,1.126230567269281280e-01
2.316455664155049332e-01,1.867388734270090944e-01
2.788564184763774878e-01,1.167398009232544498e-01
-3.156778681726556124e-02,2.210228150336535635e-01
6.504655815434058630e-02,2.196550904184848552e-01
1.814499186652580032e-01,1.342346765738751946e-01
9.938098948362000806e-02,1.826221292306827171e-01
2.260018784756553933e-01,1.318035370856875388e-01
-3.156778681726556124e-02,2.210228150336535635e-01
1.698892985646641429e-01,2.097182178891248416e-01
2.316455664155049332e-01,1.867388734270090944e-01
1.570128778330709962e-01,2.426843292050774314e-01
1.783573461419241390e-01,-2.455253350370931176e-02
2.732127305365280590e-01,6.180446458193290804e-02
1.222447662309330274e-01,5.336214729972794946e-02
3.018848103357513191e-02,1.980434705715377053e-01
2.212245301269266107e-01,5.667760094885983951e-02
2.312118861426464000e-01,-3.961626966614236606e-02
2.904170385769713758e-01,4.125625960800479580e-02
-7.877863887813811583e-02,2.910218875374082081e-01
8.738668911016744811e-02,3.175052745278095223e-02
1.918709549538364367e-01,2.642959490520243593e-01
3.018848103357513191e-02,1.980434705715378163e-01
-3.156778681726567226e-02,2.210228150336535635e-01
-7.877863887813822685e-02,2.910218875374081526e-01
3.762472163277930104e-02,2.056014736927984643e-01
6.504655815434068344e-02,2.196550904184847997e-01
2.434254750905793241e-01,4.306766959194600203e-02
7.503391417006047281e-02,1.233612198034825941e-01
6.504655815434058630e-02,2.196550904184847997e-01
1.758062307254084355e-01,7.929934023255363895e-02
1.226784465037916300e-01,2.797172903928794030e-01
3.004043945926911374e-01,-5.503761100699740977e-02
1.670002338487907578e-01,1.463904585900751287e-01
1.222447662309330413e-01,5.336214729972803966e-02
2.432061865160988212e-01,1.112553321117594474e-01
1.093683454993397697e-01,8.632825861568058090e-02
8.738668911016758689e-02,3.175052745278097305e-02
1.740136780660540561e-01,1.266766734526144911e-01
7.739933309444779752e-02,1.280443980677831717e-01
2.212245301269266107e-01,5.667760094885983951e-02
2.606410153218541303e-02,2.810850150080481114e-01
2.531935425318185828e-01,1.496146149675715853e-02
1.465918415444925627e-01,1.126230567269281280e-01
7.739933309444779752e-02,1.280443980677831717e-01
1.918709549538364367e-01,2.642959490520243593e-01
3.004043945926911374e-01,-5.503761100699740977e-02
1.698892985646641429e-01,2.097182178891248416e-01
4.017583704929489352e-02,1.017495999565355969e-01
2.346065373900411144e-01,1.486392869095058133e-01
1.170347585639421317e-01,2.247819540515578751e-01
1.122574102152131409e-01,1.496560179147302105e-01
-7.877863887813822685e-02,2.910218875374082081e-01
3.008380748655498094e-01,1.713175320861539952e-01
1.342390666043854486e-01,2.042337490776298392e-01
2.212245301269264997e-01,5.667760094885981870e-02
-7.877863887813822685e-02,2.910218875374081526e-01
3.480489269264223640e-01,1.013184595823994338e-01
7.739933309444779752e-02,1.280443980677831717e-01
-3.156778681726556124e-02,2.210228150336535635e-01
6.504655815434058630e-02,2.196550904184848552e-01
1.093683454993397697e-01,8.632825861568058090e-02
1.814499186652580032e-01,1.342346765738751946e-01
2.155808421870769320e-01,1.742264607538256127e-03
3.018848103357513191e-02,1.980434705715378163e-01
1.840010340817738455e-01,3.038280283761227857e-02
2.316455664155050442e-01,1.867388734270091222e-01
6.504655815434069732e-02,2.196550904184848829e-01
2.432061865160988212e-01,1.112553321117594474e-01
-2.158043080154591065e-02,1.247289444186513580e-01
1.698892985646641429e-01,2.097182178891248416e-01
7.739933309444768650e-02,1.280443980677831717e-01
-6.879128286241846524e-02,1.947280169224059332e-01
1.683699901262044885e-01,7.174133711129292157e-02
2.432061865160988212e-01,1.112553321117593641e-01
-3.156778681726567226e-02,2.210228150336535635e-01
3.762472163277930104e-02,2.056014736927984643e-01
2.212245301269264997e-01,5.667760094885981870e-02
3.108254308812695710e-01,7.502366147115188677e-02
-3.721147475711523989e-02,1.660874786923319801e-01
2.432061865160988212e-01,1.112553321117593641e-01
1.840010340817737067e-01,3.038280283761221265e-02
2.312118861426464000e-01,-3.961626966614236606e-02
4.761207764849909041e-02,1.093076030777962726e-01
2.788564184763774878e-01,1.167398009232544498e-01
1.814499186652580032e-01,1.342346765738751946e-01
1.465918415444925627e-01,1.126230567269281280e-01
